6974679
6088195
9477102
9126814
5416685
8011682
9844250
9633704
8837589
6790327
9617869
7118554
8213933
7416060
6636554
8784878
9688268
5561230
9197452
8933317
7721229
10035891
7275001
7594665
8461094
6194231
7118690
4918689
6492297
4329798
5761874
9057100
7935045
6800976
6081414
6787094
8081334
6412974
7994296
9435010
9313185
6902076
7485713
5292583
9012841
6611425
9732068
6326730
5175424
6130444
8766420
7538600
6030565
6881656
7241954
8770425
9783453
6088208
9581823
9969260
9555083
7154624
9334807
10062480
8907871
6266764
7177188
9806349
9635624
8269664
