4565057
7563756
5030332
6678781
5902547
6820536
8154462
5324609
8544331
3447931
3965851
7395771
5460048
6382839
6197719
2748718
4330553
4271330
6290711
7005761
2648877
6667657
5665859
4589842
3984441
7272423
3869649
4029023
4115625
4318429
4017227
8379626
3492343
3183226
3991323
5548834
3780305
6344389
4174863
5596109
7002496
4274095
6347794
7829678
5390693
6664004
6878729
7779563
3483694
8315277
5870086
5598991
7649291
5776089
6328158
2151069
4075342
7430162
3775427
3362560
3407245
7745153
7156375
6016936
3334814
4265725
5537800
4175730
4030253
3002948
6024199
3520927
5218407
3660406
3182403
5460049
6847157
6585311
8550949
7989009
2775905
6246657
3502502
3510214
2995581
4319399
4838249
7481390
5717028
7875881
6868994
3409150
4352055
2144768
3676955
4473263
3511796
8318202
6528067
3147157
6509414
2561002
6136263
5279905
8785646
5068584
5903407
3554651
2494616
3742334
8018944
8172304
3877773
6989437
6854061
4190683
7194032
7838677
6908505
5394595
7260173
5413198
4810172
2390848
6457314
8152834
3866656
4184784
6697392
7518235
5857897
7038454
3893192
4869560
5281680
7994216
5686883
3258233
8615904
3422286
7275020
4436102
4522562
4983635
6389716
7057279
8699602
6434022
4370584
3078751
7913329
4530666
3539852
4034409
7406917
4029608
3869681
4255751
4732188
5371603
5719057
6200185
4280551
4477935
8569140
7493988
2993660
6688454
8893203
6726765
7090024
6198067
3889700
7339141
6699415
4416052
4975394
7758977
6675526
7456884
6350268
4380440
5655292
5104469
7099000
5270359
4458841
7004957
3605341
5758587
6220927
3045463
4048172
5881103
4717328
3894920
7082218
3672681
4332461
8459240
2935390
3791281
6646524
4990879
5266856
3842522
7836234
3701149
3788350
3913832
8764488
3132672
5832413
7643395
4072722
5339238
5890144
6004505
4936600
7981326
4493392
5428836
4215530
7851842
5447679
7539836
6908964
4349631
3777673
6195265
2525845
6215330
7933165
3324921
5552726
3423412
6086096
5390719
4117995
4366107
7029184
2991239
3365275
7657454
3251569
5225377
8163792
8174049
8166909
5371620
5139983
6668217
3061355
7499173
5944238
5962315
8869855
5996277
8753344
6939096
3315027
3830782
2736621
3958452
4061064
7469830
6934551
5655021
5919964
5963507
4382275
7202324
4596928
6908882
7306625
8862392
3349667
6895037
6538491
4431729
6209854
3262831
4309950
5102642
3744007
6066986
7696273
7200443
4856878
3660659
5557775
3015134
3905188
3902357
5772436
4480007
8548369
6252312
5829027
4007379
7943366
4053214
7275001
5120778
7817621
3319663
3930859
4211402
5094780
5891971
5744997
6753164
3260530
1824707
4543815
6332472
4183523
8612467
3777795
4410791
8861450
3381445
4860869
4587539
7061333
8035440
3272045
3140495
5101412
8228527
3675382
6819787
5447013
8379217
5349082
8459611
8196262
6175904
8090840
4749714
7890357
3395705
4697303
6847411
3682439
3815020
3948047
3668141
4585139
7527240
8050264
7416090
3808277
3373504
7424029
6405852
8752324
3899022
6400097
3896871
3591747
4889611
5766543
5562686
8791726
3980106
7237737
6491890
3538283
3758284
4316185
6930796
6881273
7347986
5008046
7313681
5984595
8000089
7773781
5767266
7059347
5993203
4082872
6699247
8551919
3818578
8287987
7374605
6937793
4525020
3814958
8785660
6731699
5037100
8386467
8517178
3872298
5701148
6043673
3404037
3498108
3338067
3116739
5748416
4044900
5067102
8015493
6706374
4696540
5215384
4635922
8552029
8082384
7052248
2820380
3977621
7489040
7375128
5540901
3127678
5511877
4881397
5904188
8062355
7264165
3719031
7341340
4214356
7381702
5487342
7103632
5473647
4927925
4240043
4274875
8228257
2577944
7267960
2569821
6170627
7058635
4477191
4141974
3688684
6472252
7721236
7082749
3164011
5216875
5478859
4729319
4493461
3590451
5102650
5348631
3705201
4107374
6625518
5953467
8413196
3614508
8397119
4754402
6067073
6989828
8766797
7294069
7772193
5267588
5693847
4913992
6490893
3721022
3569450
8573207
5408054
4452897
3236212
5136555
4940400
6051473
4148258
8254416
5376052
6585730
7268023
7363900
7415508
5459904
3948885
5275766
6899324
8716545
6485093
7007888
5427072
3549920
8502874
4959733
4755012
4122182
4606802
7430003
4814138
4186833
4764327
4271605
4692511
5432635
3868704
3022587
3402136
3583464
8528693
7927295
2826186
2805712
3644676
5433500
4707189
5713179
5075341
5073153
8551593
3886996
2570714
3789290
4971060
6064935
4623208
3356348
3946345
5043643
5498521
7416050
8152828
4903142
4154688
8615726
7500182
8155504
2952336
5603581
4838085
5390704
7399639
3783899
3375616
5966381
8226248
4531212
6530345
4663274
6287007
3751515
4361644
2527524
2889713
7267914
6546101
6291466
2394569
8106846
4670482
6783465
7004964
5309571
7267973
3897613
5345975
4873652
3856851
4816802
8519860
8027452
5474460
8410985
6296514
8249890
3703342
4035756
3805980
4453277
2755755
5049624
5113676
6708884
3052361
1800344
3832610
4410789
5317178
3862268
6615160
3906535
5846304
3784977
6733998
5715339
5554370
3430931
6838181
4264953
4779507
4072601
3878376
4341570
3631252
3842312
3898929
4461307
5707232
7294099
4773017
7662091
4781893
6932934
7226604
6728879
3950546
7438913
4324146
4237877
5701943
7903062
4468110
6536856
5989285
8495173
3176913
4898929
3400031
6727739
5828450
7396401
3527271
6232925
5041055
5575270
5684566
7903004
3266503
4281542
6681173
3590462
6614391
3935386
3913833
3498892
3582997
8088358
4134311
5537408
3734351
8149589
3874541
3946483
3897742
6193478
8885704
4797753
3398766
4350403
3387247
5579001
4301658
6245284
4222943
3009480
3246487
5091683
4683193
6676011
7967023
8707613
4619344
3410370
3744921
7455211
5554925
6159748
6636756
4116785
6387933
6591190
6930267
7451790
7946662
4607368
3960161
7468386
5269715
6849263
6505675
4481146
4217331
6181801
3106359
4402596
4512680
3025155
7428490
4725371
2646655
4370729
3171072
6481189
6200838
7079031
2518373
8556613
2991198
6831619
8464598
8410527
7603392
5040199
4870472
6650750
3636085
3169575
4075343
4957514
4647500
8421698
7645615
6438321
3434448
3631704
8326338
8321645
5694469
4858533
4633838
5840443
7324903
4617387
3566602
5953410
4960610
4667012
7575198
6232121
6360180
5908766
7438664
3391678
6491879
3221044
8615791
6414418
6685938
4544853
5737855
2876881
8032591
4686763
6335668
8216203
5418320
2702753
3772553
5101482
3466236
5389622
6807652
4792397
6955618
6524720
6711877
4649056
4322727
7859100
6917022
4034329
6987717
6374554
3220187
6169325
7446033
3394436
4018348
8046805
3549497
2525985
4032577
7511410
3274744
5279692
2825260
3018423
6548857
2585816
7071377
4007017
7002564
8596915
6051991
4144959
4672877
5322448
4131876
8410528
7466835
5987841
8703015
1143777
3364282
3746996
3860184
6775267
4218934
7721230
3563087
7416051
7961038
8339076
3174167
4026698
8120105
4614048
7956962
4558049
7591942
5771000
6753189
2743772
5256125
6309619
7389638
7925618
5702357
4630293
7141258
3428803
7548991
6969091
7113175
6041384
5984593
6084775
4591484
7439096
6405507
4586270
4558824
3865430
6776602
7826297
6693526
8495532
3766991
5102646
3799631
6070629
3344852
5490687
4474173
2993720
3302835
7181727
3668994
4691408
8460772
5585191
3983486
4184873
4062281
7336141
4566935
5116552
2905610
2749857
8578723
2705682
5724830
5701971
3610191
6509111
4792877
3971169
3990690
5951955
4585120
2958830
3090571
3084809
5432174
6303343
8193533
8666416
4114184
6680530
5678287
3500461
6790308
4520539
6250039
5359606
5835070
5816803
3483569
3361057
8413209
7058508
3772311
7340148
8546162
4512728
7487274
6971169
6267999
4876121
8451880
4061874
4786547
6478896
3002396
3341391
6974919
8079658
6779791
4740953
8280755
4714646
8517932
5027048
8421705
4214743
5531216
3420547
5309221
4513220
6519999
5908080
4977170
5801317
5338867
3283587
166149
5061815
4779888
4907975
5037166
5953411
4299532
8460640
7044242
5169068
4709269
3956891
4938209
6279930
6853889
3868173
8715032
6351678
8045031
7063116
3402450
4317194
7284131
3128082
8244967
6445102
8026217
5371677
7551257
7779587
7151113
6287083
6380605
4333285
4585243
5504237
4338545
2877799
3261381
5996039
3387168
5797614
5953307
5554004
3830058
8013735
3901730
7403383
6333851
6907842
8344374
5809026
8884259
4194003
2705703
7716820
7848765
3943846
6028829
5643375
5037230
4483156
4523841
2701679
5099497
8113248
4466042
4316702
7611695
5996092
6369363
8226532
4080316
7509800
7877466
3404989
5591400
5148219
4773384
6026656
3777679
5509941
7457077
3189203
3527573
6036145
5572336
4306597
5390398
6307442
7242814
6779815
6987472
4204461
8774251
6045572
7172032
4106848
2583150
3770910
6428720
5008173
6744568
4835785
4515634
5660710
8415783
5844060
4132267
4681091
4717318
6007508
4149208
7973271
3680713
8617189
4352074
8609487
8785639
2327213
6590446
5406753
3329794
3935255
8632519
8534220
5719969
4758827
8267862
3174219
2756584
6458910
5279909
6660260
2989943
1948845
3125248
2923563
4969259
4639442
8287201
4324073
3905352
5956011
5652281
6969084
3422311
8299339
6965349
4728050
8542033
4506986
5133650
3991864
5490682
7196208
3356373
6411780
4585499
7928375
6008384
7350548
7772238
3394200
4608626
8319239
6434094
3316621
7840726
4625557
8561439
3498279
5530585
5501884
3600174
4744695
7264688
2377337
8506644
4250191
3002291
3013131
7328027
5337483
3603861
4625848
7198729
8837595
4771731
2950744
3036976
2920311
7325959
4495981
4583545
7160846
6039839
4820053
3213017
6955985
6094992
5131954
5964452
5650679
7760331
7308367
8356988
5643204
4481508
7850567
3661727
4512714
6346665
6831914
6345784
5565787
5503292
7008231
7580186
8424013
3669058
7268036
4059922
3528678
7240289
6103265
6912258
3322129
5091010
7063975
8414685
8645564
4379901
6525150
8789684
7911420
5006857
8720193
8192216
4086026
7309184
7746820
5205575
6865810
6361807
3474750
6783415
5665929
5516734
8720198
3984093
3332056
7670044
4451418
3379986
6932986
5309400
5460047
4619796
6688445
5480016
5822570
6433888
3426465
3534702
3359800
4460129
8279071
3692444
5536366
3489813
4852198
8236713
6823375
6938298
4218999
4834945
8036207
5760650
7844088
8824509
5830458
6097101
3613798
7749604
3416700
5404760
3366978
6102316
8168467
4599064
3483777
7293620
5112988
5341328
3759791
5742108
2478709
3686858
4189331
3346725
4936632
7681174
4263140
6749494
4112936
7555088
6627032
7172875
3426015
4019564
4019881
6092994
6234325
6545409
7762811
6909243
5805221
5000576
8566838
3990587
3515589
6306484
6861638
4205092
4410794
3931746
4182760
4967793
5689580
3765321
7978337
2805429
4182437
3464044
7295154
7416094
5942817
6216427
6282848
8166311
8075091
7428479
6114065
3072511
5767270
6823717
4871416
6214650
7267906
7785343
2582437
8515297
5318420
4717323
6987789
6088138
5101634
6336825
3557158
3522615
3579187
2666800
5028003
4547759
8505455
4389358
6041563
3810651
5359254
8413771
3073936
8565294
8121565
3424055
4802529
8363005
6790302
6974031
8677754
3059891
8808980
6051311
6465626
4872413
8026031
7880987
3525956
4582804
4649361
7456987
7013238
5423966
5826397
3744823
4333775
4859784
8824585
8578056
5934703
4707362
6194586
3951481
5428215
4464254
7375093
3770922
5490680
7563151
7060213
5073133
4834768
5556089
5082970
3813625
3788711
3741391
8152848
4773387
3587882
5066828
3885617
3487908
6304436
3778258
4330549
6901178
4841538
8844611
5167221
4589806
4299952
7177590
5390838
3464709
3282900
8096430
2518922
7759590
3345361
4221616
3447818
4096999
4011948
5030331
6051673
3561664
4556667
4159995
4061791
8413787
3923150
5835354
5893717
4949632
3984447
4215471
8062740
2911396
4240192
3555868
7921457
4687299
7031677
3586479
6558200
3309293
4824756
4576412
7294056
7728610
4353194
2944888
4469651
4019508
3896989
3755273
5933734
4731490
5707237
6934088
3871655
7511868
4640353
5127572
8413803
8825403
3534243
5826250
3847124
7814772
4899470
6302056
8755760
8786954
6411589
5859072
5216041
1698492
3930118
5116051
3922109
3705175
5962703
8245688
6132644
3777707
5490670
7746800
4080327
3094760
4393246
3115646
3869791
7758505
5805503
6718659
5668033
5700408
6356791
3950074
5509143
3116735
8636113
4144342
4107379
6929567
5548820
4923151
3339027
5574908
7203484
5354342
5101630
2908128
7396649
5613132
5740787
4893013
2722906
3014651
3126799
6319771
4536207
6462777
7666620
5874055
6333399
6243115
8674725
6995256
4517759
2198945
4959711
7545617
5294576
5433384
3796073
4596753
7336154
3840299
6329519
6345498
4216410
2577939
4511829
7927307
4522675
5520823
6469882
5838223
7882165
2797630
4564758
5624934
2936906
3727078
3506032
5500565
4552813
4905637
2784680
6790316
2784679
3608908
3999100
4858518
5842548
3499497
5003890
4102486
4539697
3796455
3082218
4746244
3613753
6306453
3625914
4771946
3216937
4414648
5214227
3344896
3158432
3385211
4610202
3979724
3330757
4900504
6305346
7959215
3055886
7487866
3547007
7710969
3110306
8744903
3420898
4010785
4488594
3278706
6292957
5734798
7174551
4617870
7141501
6771995
5169030
3709103
7399345
3797966
3734350
8202596
6218594
3526643
2774401
3317669
6044349
5149687
6327084
8517223
4837161
5214699
5516603
8386837
4768083
4793190
4303944
5655301
6734224
3430553
7664275
6581730
5481872
7518236
4630252
3648477
8049294
6538859
5409184
4468611
4454696
4110030
5012952
7268054
2241626
3426773
5550713
4389056
2515912
8586526
5437955
7565338
7759208
8635729
7693553
5253253
5114586
2691152
5780425
3280593
5153599
6869572
3790692
4447998
6925270
4153805
3960105
5121279
8334552
6001468
5200881
2712682
7732671
3277937
3502445
3923398
4466596
5596304
3311856
5428464
8458622
6442313
7025481
8542047
3285192
2880799
7990071
4327308
6851803
4428138
4153812
6463125
7550687
4644722
7776006
8288082
3930113
3099099
3798923
6234282
7555084
5108928
7761916
8096549
6127030
3865769
5550544
5595153
5129700
1373642
8415788
3411427
8671790
4097354
8267913
6543172
5008218
3777717
5679722
5545730
3756065
6302005
5317330
4549134
4472024
4179768
8773965
3130679
5946243
6197328
3753572
3701866
4261631
6863958
6224336
6504693
8384177
3914330
4724692
4263085
3784399
6168704
7363473
4745181
2724104
4555067
8789908
8710777
5093128
5887003
4783046
6492455
6739688
6915079
3538957
6508045
6389990
5385589
8612469
3500241
5395570
7287276
6971823
3204998
4237381
6329283
5241989
4139362
3557415
4458689
6943404
4487721
4731574
5286415
6544008
6473038
7695184
5576914
3957420
7901489
4950574
3830070
6374601
8526554
3389385
2877098
5486584
6030991
5519569
8079712
6018085
6423124
7915060
6031869
7181059
4486123
7886792
4911044
5856411
2647336
5256117
3069547
7859281
8024914
3146896
6028523
4700985
8210850
6879998
4423353
8545809
4306101
7075880
4160172
7090023
4923251
3101377
5504124
6869357
5651543
6703901
4676166
4536089
6084015
3969513
5583150
5445372
7982814
8477670
3949688
7756088
4510264
8369943
4832096
3546317
4104834
7718881
7863325
6914439
7053268
5277003
4372361
3807502
2999982
8129561
3912127
8859266
3640070
7693576
3814956
6283978
5741645
5374197
4905965
3459703
5928127
4556707
4048154
3655975
4584065
5423613
5578968
4236576
3798761
5872590
7240193
6554427
7785814
2518618
3624952
8291150
3585713
3396380
8417257
4911046
8548365
6885594
4712932
5050502
3884128
4133376
4512184
3338535
3377932
5490684
4370397
5766638
6589258
3378082
3696724
7882180
6584748
5861186
7608673
3265182
8233387
5428665
5732236
7416026
3828508
5095112
7416928
7573621
4713423
6718876
8065419
3657626
4460889
6264830
4911362
7977480
3900530
8904428
7253675
3743067
5138827
8776336
4810460
7490914
3759853
5814051
8422162
3674317
7242759
3961291
5624616
7179339
7344192
5159433
5500479
8375680
3728072
3812906
7901965
5390728
4706123
6133549
4823302
3536813
2694675
3913830
3448611
7749513
4061265
3506550
4018561
6851020
8357001
5015972
3446947
3777786
8160303
6591689
3907682
6362490
3888398
7960059
7868384
8047070
8393360
8652044
5002985
7292263
6072647
2713432
5638238
8566670
3927705
4515536
6934617
2769551
3182987
4270260
7509111
8330842
8233416
5353703
3480647
7264824
7568140
3641096
4987329
3593578
3744508
8286104
3252366
2654525
4109700
7451150
3315678
7936696
5466595
5223054
8443466
8900534
4139958
4001872
3622132
6234582
6861557
4373272
8833229
6856651
4488375
7643110
5845706
4077566
6990091
7759206
3639273
6175971
6398246
7378795
8851385
3388891
6685442
8865143
4785374
5984739
3716940
7522394
8498462
5434171
6434179
7063030
3057942
5936771
4325923
5312947
4801124
5247468
3059884
6597703
4018353
5844916
2733194
4978833
6292425
7750687
4345335
3812565
4332542
4646462
7907898
6151682
5646154
7355229
6603018
3804629
7377905
4288239
3711903
2904054
4074702
6714062
3986941
4042095
5807408
8785641
3175755
5758492
4224976
6034587
4334979
4020302
4375642
3979738
8159858
6491783
8433283
8602349
8814632
4586278
7509081
7190157
7443230
6969304
6023115
2824708
5472159
8261303
4354285
3750036
7904817
6162305
4658414
3498728
4046318
5985698
2772079
3779225
6382150
5897436
4477192
7978137
8417797
4793124
8195899
8341642
6761222
7294058
3229979
8749448
4582802
7643386
5033031
2625448
6329784
7794005
4604759
7782966
7779323
6202694
8046910
5561091
4324766
4641924
3868580
7873952
6425117
7243356
7550714
4354310
5429245
6308383
7351268
5932143
3859978
3229557
3311835
7856645
5890192
4958897
6262413
6394790
5711016
6402339
6548807
8215599
4018287
8527045
4107372
6029793
2850391
8379646
5733533
6849177
3653868
6054466
7434521
3765269
4076230
3914963
4531323
8706548
3960024
2742668
3796712
5890242
6305490
4121543
5722874
8355471
8805588
5737644
4159987
3791293
5326798
8608892
4417231
5220074
4348517
6077172
7887639
3847547
5065042
4006067
8342928
4299407
7265368
5215289
4855531
6121151
5537409
4738255
5670503
7428471
8417590
4906710
8638205
7982371
5577855
5944011
4786208
8864087
5546115
4427352
7716432
6987884
5818614
4464202
5554371
5552678
8564766
4674830
5772468
5436813
8317644
4473266
7595210
6322711
5703701
5701933
7303278
7502842
5737574
6759632
4163434
7871792
8863287
6492163
3280262
6920387
3778887
7235958
6223879
4174767
5516169
8457564
6015913
8329380
3359281
2217520
5222957
8379545
4480149
7933450
6303108
7905591
3544542
7329834
8209061
6105621
4383651
2233815
4179761
4949629
6243583
5603705
5043422
3458812
8669024
5460052
4777731
2671164
2572212
5845741
3160552
3016621
8851037
3771919
6335318
8720190
6452291
4937025
8752962
6570413
2887789
6225791
8248670
6423409
4553368
4540566
6927995
6284029
7162893
7744224
4186480
4422669
8165539
3584052
3725474
4477106
8217547
5226806
3063163
7124138
7890238
4511287
3942310
7327301
6520683
8777223
6337053
6182059
8134957
3381866
7674924
4672713
4834229
4021128
8113515
6546813
6043592
2866664
5383672
5619927
7794287
4526587
3152719
6563468
4121089
6970152
5796644
6199304
7572327
5891973
5408037
5622337
6417705
4108032
7013042
6007597
4165215
2892997
4182029
8104007
7481778
8414999
3786224
4446262
5595885
5929108
7425087
4638337
3048219
5700801
4121234
4465482
3599917
6266032
4352081
7451428
3281860
5415557
6281980
2858659
6395384
6062613
8850747
5846383
5036433
3851159
6650534
5448813
8152856
8429816
3025354
8327959
4131867
8820653
7815622
7229488
4890427
8193510
3139954
6025187
5716095
2695858
2582961
6706639
7374540
6609574
3912435
6555809
5843226
6037213
4350407
3368848
3872043
7922957
5597870
6832276
3411703
3629065
6369365
5437852
5490673
8589643
3262818
7425921
8413759
4923118
8193721
4599046
4698722
3864104
6185852
3412995
8866328
5225733
6051493
4471632
3930099
6895067
4650987
6258801
5390743
5964829
4301911
6117043
4477114
5944019
4274659
7198299
7567102
4154887
4737127
6231057
4174036
4459220
3534686
5724834
8837580
6409298
8032987
7118360
6286189
5346560
8003996
3511386
8859259
7803421
7268062
7895841
3309492
6819097
7803954
3486688
6832542
4029073
6853793
8673709
1963318
6126420
8150258
4098114
6664196
5337373
4941243
4689787
3530565
4490246
4320085
3842969
3178514
3894973
7183158
8751629
6660255
3620530
8687546
4685521
7272628
7943359
3335782
7808842
4121088
4199283
3382568
6974907
2887372
6085921
7090100
6209833
5789340
8803542
6825652
6438928
3728237
8119826
8232236
5687596
6224323
7026183
7515839
7815846
5842749
3927073
8868122
7573667
6753388
7667047
6688447
6648236
3519473
7501865
4656846
8342925
4274877
5028840
8526795
2963756
3499736
3888397
3083509
6121162
4061884
3218006
5868121
7267910
3412736
7927301
3905226
5516034
6315197
6070691
7527596
7873197
3805688
4720749
3178646
8032940
4460906
8336692
5390840
8656425
8863739
3116731
3954845
6755563
4458840
4971081
3689691
4392699
5529377
4838301
4669532
5603694
4761724
6901698
7230250
5121604
8153184
5390711
4054964
6699467
4683429
7901076
7472888
3692521
4104703
8208881
8215264
3985424
8196988
4661275
3815348
5065224
2233772
8302749
3422320
5536581
5066832
3261661
7669264
7821351
4425548
6924083
4519303
5591831
3465779
4679864
5990012
6565807
7737192
6803428
7517829
3309518
8528711
5443910
3626071
4573090
2638745
5213710
4452886
7789231
6628069
7523366
6969346
4816784
8094334
6372948
7018765
8187583
4441475
8663636
6902029
6925178
7030986
6200849
3986373
6361032
5758503
6683781
3898984
7525302
5358467
5852894
7710811
7448163
3672100
4459270
4689287
7137100
3206875
7267909
4330550
5757403
8113012
6290732
5080293
3837187
6154460
3978331
5094726
5818658
4692314
3686683
2866566
6057663
3575057
4923193
5524890
7186217
4114426
5742189
8653428
5097818
5053033
7217870
6307453
6706769
3222860
3769261
4436141
7239932
4701928
3867969
6472434
5655281
7004158
4835479
5716198
6684815
7744462
8024683
3315004
3522643
7559640
4112914
6378291
5930551
3670926
5517493
4683540
7418535
3807605
5064346
3674478
3347624
2644454
3695563
3613595
3656341
7393207
3874542
4178298
3872730
7443700
5100555
7989050
8892006
5914370
4263533
2729391
6889413
6500632
3402516
2065898
4887503
6345858
4124704
7226880
4306292
6307659
4331395
7554345
6987719
5066805
4299805
4375638
4814690
4710636
7668216
5609860
4801860
4076213
4612670
8725707
3659304
8148467
7857581
4908139
4393019
3869680
6698268
3472892
3401202
3691443
6823489
5008055
5983530
6414524
8413760
6156257
7143895
3903437
6974891
4686754
6978675
2885301
6531458
4526683
6819316
2572210
4477185
7219687
4932112
4975911
5991324
4849453
7073437
8316979
7078287
3609767
4378329
7419698
4332281
6701282
8779446
5807432
4451850
4117463
7469802
5117589
4325335
3366349
3855767
5378713
6234327
2829029
6277540
5066834
3569607
7905225
4624809
6837842
3556569
4051855
4499672
6734311
8176119
8857499
7911688
3544280
8850244
4560823
5396975
5315540
4422438
8714998
8018769
4796013
6759465
7943364
4210608
6221049
5042442
2994755
6987881
6177124
4141983
8517928
6371034
6258154
3418609
6176073
7786205
4838821
2792194
7035375
6418272
7816233
5579021
4253669
2596101
4383593
6387936
7994689
8301890
7174714
3828542
3501481
4835439
4264752
5529460
4023019
6831726
4076184
8120906
4671712
8405642
3217963
4902194
1291397
7498611
3769296
4968823
4684365
5031470
3436669
3364962
6078711
5629818
5390759
3858318
4273625
5610687
5458780
4650644
2743811
2928271
4667761
6362173
4407577
5627153
7662113
7185578
4440210
4333811
8369572
4588113
4547715
5261811
4215464
5440465
2516172
3506600
5091824
4132649
4073651
5244672
6864886
3261380
8371886
8278207
3423441
4116759
3825257
2759373
3608539
4160952
6893234
7686764
6861198
2803733
6391930
6104074
4834943
4498104
7902065
5032244
6261580
5030369
4632075
3795327
7511887
5721596
4197644
7179344
3492182
6543522
7862649
2816724
4912932
3941612
6974892
6232505
6374424
4581560
7336138
3494684
7713359
5168646
5256670
7356844
3187762
4738294
8157607
3967532
7018059
4506983
8167968
3544832
2919410
8476857
3480469
3458074
3933564
4700263
7816461
6082980
4816805
7251158
2755766
6074837
2868299
3462766
6787009
3376727
6538577
3218372
6915704
7533640
4974501
5319953
4564562
5416694
2938977
3565817
6223116
7522851
2584040
6794683
3554878
6110881
4047091
8598242
3703531
5810040
3981758
7930634
4938958
5126868
5351631
8688399
7981307
6995405
7014141
4768680
5732967
3872732
8832877
3744058
5006878
3967534
3569458
3918649
7952868
2859810
7900488
3140479
4753321
8203345
8276458
6344438
5954893
6508624
6061207
4624866
8589810
8481585
6373934
4052338
5825897
4324997
4229501
6105189
4914983
6491039
5539178
5535744
6074614
6141635
4753805
5593184
2695008
6971211
6063348
7506052
3726865
7476068
4273608
7014820
3445573
3506436
8025655
3373527
4228502
4016310
4921464
4748034
5861187
4568337
3602016
8384810
7033450
7501693
6971822
8660877
6620714
7816934
5901964
4754765
5989618
7578432
6856165
2996305
4418763
5074286
2667181
5023093
3657709
8064775
4580315
5612468
5787555
8427063
4124462
3603994
8699822
3835900
5240249
5872489
3267031
3042380
5415819
3868176
4372545
3963376
7283585
5082531
5472613
8413163
5589926
3616250
4939358
4432080
6405436
7033456
4211386
3871293
7267926
4995168
3598753
3912430
5559812
7859438
4814553
6519915
5939209
3831091
4204386
6444301
5868769
3279707
4728009
8328277
7495114
2856674
3313548
3605420
8378794
8446353
6580427
7744880
4321660
4169531
4459168
8896555
6167473
7371896
4299957
8500876
5478270
2987510
8712565
4552664
3299768
5418232
6469048
3635018
5607125
5153603
7439597
7334611
3406317
4429366
6786756
3797465
6521098
8519858
4760755
4893496
6356006
4833895
5434828
5061089
8585844
4500585
6522834
3677130
2625333
7089996
7543941
2789405
4260866
3747149
3072382
3398390
8596961
4113975
3384259
4374450
8102620
6156348
5378777
2679199
4301016
8115666
5459906
5002428
5490062
7281781
7028277
4550786
4830618
6458356
3960334
8894202
3607793
6338059
4017150
5090046
7367880
3838991
4053655
6841919
4814794
5364459
3319907
5612991
6477506
6403295
7669903
4375788
6033386
6517954
6051941
6027957
4502353
5271317
3887023
8048057
6703143
6137311
4556991
5233672
6409331
2981419
3195690
3621767
3905356
4558976
6189475
5073125
2267490
4720218
2693664
5078804
3904110
4602085
5830351
5040752
3807048
8886646
4543582
5932177
8429380
3119789
6234525
3547329
3667190
4465937
4410787
3666968
8668439
7408461
8633536
8693354
6969196
5977449
4300003
6882310
7182973
6422826
4176032
6085917
8754678
7238288
8529279
4828456
7469823
7812596
6277805
8152835
3213127
5405064
6505710
6262037
3351439
4705349
5656597
5901935
2939655
5171814
6838657
7679381
4443021
6750201
3225902
6612132
3492494
2947936
8203188
3566529
7066353
7518069
7893090
4667066
4890016
7268012
5113059
5722310
3350069
5603698
4609410
6975290
3280525
6634058
5344901
8069225
2231369
6864898
5519538
4494027
2633349
6430005
3661949
6965060
4990413
4396351
5787137
8481633
2568959
6057276
6923468
7918676
6215333
5772563
5776082
5324352
8493300
6275219
4624365
2806951
7334452
7485420
3559478
7779396
4184794
2683943
7314931
6838093
3315099
3076433
8284389
6692433
3682993
4743418
5402715
4543892
6289073
5801296
3688578
6418099
8898830
8534020
7499295
5485378
5810285
4614319
4908160
6523415
7691246
4075334
3547013
6964811
3791276
3783488
6563769
4981336
7044545
4976095
5517483
2706325
4521505
6892816
5603029
4785213
5714878
7093095
2746806
5647646
5320604
5722017
6079279
3643713
8895376
8046141
8026345
5683807
4157554
3777779
5460054
3769349
5434195
6477654
6766853
7710896
4433098
4379998
3702497
5890198
5487465
5736650
5373110
6603131
3786613
4646674
5493837
8577044
4200220
4831124
3805951
3217668
3875519
7082015
4854410
8861823
4150124
5012579
4172871
8565005
2903486
5675730
8542772
8790475
4338815
6778831
6051291
6680427
8452380
4460034
4041563
4715124
3779866
6491847
8281314
4771748
8062334
3523259
4723992
8476348
5767843
6082929
4785273
5952255
5932339
6667674
6014584
4324356
4477190
8018883
6488919
7862288
3558499
6070862
3499449
6459927
6920213
4552824
6820158
8828077
7473423
3237491
8517525
8740448
8615877
5733863
5328315
4349632
7268040
7311494
7708928
6025608
4795711
5032987
5153555
7929989
6055646
6865530
4912858
8897706
5012606
3677092
6363380
4433670
5066914
6333856
6093481
7930883
6970151
7822072
4951481
7145196
5909247
7567983
8810806
5962628
6803655
4018444
6423085
4696812
5596085
4706972
6204486
3073934
8249891
3737471
3173383
3196491
5484279
7531545
2764349
6450666
6793871
4402026
8693765
6302822
4270393
3799008
4546410
2572192
5618270
4123716
6788296
4149038
6726596
3559645
8607164
7262007
4564220
3818257
6411827
5435748
7562935
4683460
3782473
6690512
4749380
3729599
3518874
4917538
8628146
5037197
7385240
3374941
8249884
6174248
3783387
4215400
3205481
3720617
4709422
6690736
8589974
7292267
4625212
4370559
6662889
6737283
2793371
4131189
5607552
5592780
4270311
5472615
8770425
2638013
5540826
6688450
7192759
6306625
4382975
3946492
6691771
5870359
2697279
2694932
3429427
7494675
7047962
6193108
4322572
6580312
4790904
4077017
6489540
6312116
5041526
6420575
4311618
6373538
3764021
6369791
6314635
4980767
4178249
8090767
5705718
5587688
4203817
4354350
4066186
3867357
2643476
4594019
5813029
6088776
2860504
7971046
8215659
4995017
6732149
4736480
6002968
3707182
6969343
4160997
8635046
6994751
3485317
4561672
3797968
3616056
5671608
3173374
4589641
7693624
4561903
7047914
8443365
8221338
4209722
8777079
6414400
5021995
8236041
7416054
6352299
7840259
8357002
7751325
5595783
5709437
7056998
8236945
3696086
6581736
6423170
8717427
3804471
5853626
6335744
5591329
6930905
8290839
8005702
4175071
3914861
6413302
4055001
3644936
4001047
3871398
4062465
7971531
7275517
6707554
3360699
3541073
3872307
2671306
6371424
3837007
5538346
4316608
3002933
3876977
7473971
4971065
3430664
3896435
5788979
3725398
6728376
3988374
5323110
6360608
3148238
8594961
6291517
4536125
3877131
4005943
5407639
4519547
8303916
3853351
3767892
7367818
3775752
7355178
3214046
3033899
5567054
5370516
2935969
5974035
6008551
2921150
6251472
7416057
5787069
2680057
7406510
6736976
4607499
5231350
7096733
7052336
6776603
5919956
3434213
3320628
6083552
4263234
8369927
8206209
8752965
5605556
3653128
2440815
8639013
3862486
6969350
3933715
8639725
6969119
7830976
7687999
7329310
6529676
3533380
8240196
4396619
8412372
3656906
5515815
5396873
7721231
4064667
4468216
6821801
5928107
7205008
8295253
3250458
2988799
3840899
2515325
4585217
5863896
4950303
3236756
7186243
4128667
6733807
5974222
2927239
6776974
3888393
6443641
4514841
6749092
5785471
4219727
4010762
4627358
5670208
6525165
6507243
4805536
4595771
6460665
4122173
7303392
7569470
4397440
5565317
3000383
3059627
6992642
4624709
5519515
8103021
6037822
2846311
3756304
3026801
4913931
5626656
3791288
4608360
3405281
5228032
4681551
4379694
4183380
8721204
4806909
5913255
4292587
4470923
3031025
7889502
3285156
3303838
8568270
4131910
5553850
6319210
6408456
8639080
8717032
5842755
3610836
2727699
7530292
4441506
3960496
3252302
8336636
4536227
6300783
5561271
3313953
4806293
5743927
3425483
6200969
7720576
7243043
6326732
5506482
8414185
4431841
3659193
3914938
4019529
7759401
4969290
5013133
5459425
6520565
6715348
6043808
5527158
5088411
8635858
4804345
7927302
5357648
3062602
6102448
4431742
6277790
6492000
4107942
4318496
4686003
3946624
4561342
3726528
8462460
4674054
7927289
7721807
5422531
6046038
6165861
8280218
4438592
5734432
7374241
6817507
5809475
4281879
7021708
3965474
4061244
5797124
8718871
5339306
6752853
7502830
3058137
5973829
3818244
8186241
4335563
5166998
4668874
5359252
5329062
3968764
4300211
7977301
3063350
8669134
3261378
3776934
6127636
4626569
7547086
3654219
3098368
3445610
5816817
4657106
6736628
3000328
6668391
4557829
4189334
3730190
4804440
8572938
6174222
4306523
6209625
6828617
3377684
8277796
4709635
3498331
8863239
3313067
5783269
4832139
5831930
6146453
4024664
3432259
3184148
6154975
7821580
5905235
7994340
5964831
3443433
2913324
4517841
8329664
4933876
3908296
6145856
7076146
5083948
3868915
5447510
8019812
4151069
6153347
3842844
6373696
6001281
5708742
5973500
4490615
2491899
4598480
2737115
7264388
1574332
6579875
3701233
3893263
3384885
5172249
7268041
8668990
3509118
4107490
7391276
5582206
7341652
4459041
7136238
4040936
3928251
8635780
8247769
3221051
3483622
7998905
8146460
4517522
3692468
3916321
8559501
6258168
3417167
5074002
4401664
2570483
7702236
4256062
3299676
3345356
6889084
6204485
7689411
8741989
7267915
6616568
7555068
8248357
7929978
3736548
4999060
3427359
5057137
4879128
6236232
8471665
6868065
8791738
7533550
5741239
7527900
5155664
6969085
8249894
8886665
6532294
4492789
3631111
5025431
4872412
3499771
6905409
6328464
8831882
3026336
5090005
3590243
8222619
4276016
4085720
3608942
7268089
3815022
7267899
5895040
5614979
6420474
6533560
8119860
7267954
3428632
4692512
8553174
8419258
8648800
3991848
6206214
4422645
5999593
4401774
4533249
6006772
3543360
6545793
3667546
7440179
2941677
4395363
4761650
4332494
5472149
2526014
3534624
2571962
6510960
3997501
3391196
8468102
6043684
4255056
6140103
3628360
4327739
7603304
7269728
8354930
5102637
4990538
3972453
6362203
4033845
4067566
6836753
7267922
5885301
3646913
6621543
2622763
5770631
7094193
3461575
7251141
6150950
4145656
5701130
3255994
4266023
3751506
6965093
3356714
7502837
7005099
4009445
5772373
3994419
6456806
3582635
2453130
3395033
5766664
3695981
8361856
5893589
6474656
5269713
7296115
5359195
8144551
8784820
8354716
3706617
5662181
4510423
5397581
3606142
7397392
7578765
5989351
7721226
8784770
3548516
3466188
4971080
3709002
8127154
2876035
6162493
6357517
4351830
4537426
5735118
6381043
7501852
4266288
5879116
4589681
3826561
3866129
5072568
4861722
4105563
6250688
6987860
3777787
2603585
5541072
5292421
2780828
6524815
5830455
7781392
7775992
5861091
6506638
3756280
8721296
3900765
6650186
5797423
3245630
4494028
3757296
5089972
3367930
7125356
3582543
7375084
8555254
8137842
4496065
6489567
4220120
8762169
6929676
6386400
4586926
4512033
6393460
8180846
3871382
5318365
3867665
7329082
5633146
2577936
3984446
4266292
6544009
7015912
2901385
8548428
2950159
3655325
5474717
3968753
2887490
2564949
4736129
4556960
7052844
3477078
7107010
8571566
5563353
3967629
2257999
8740316
2943931
4260673
5057312
6240578
5496109
4569885
3364481
8218241
8053196
8667073
4230164
4701927
6530394
7541958
6861733
8803449
3960510
5216367
2643328
6289042
5476347
4446895
3855765
8026251
4266850
3130379
4451342
6307498
3025660
2816174
6472739
6286581
4960248
4420500
3951306
3483466
6861567
6759985
5917670
3387383
7726072
4915335
3662123
5698860
7462432
4370557
2987555
4779536
8858977
6457628
3500464
4086202
4386762
3775540
2820701
8150994
4763436
8463837
8615846
4854607
5478695
6791817
2577943
4047966
3590175
3221036
8642429
3795450
6377652
6443848
5440725
8413769
3324571
4184667
5434152
6219793
3774999
6442315
6596197
8335153
5595864
